0.0244395 0.000239054 0.000849406 0.00016276 0.00574239 0.14003 0.00234985 0 0.00127157 0.00357056 0.0758057 0.000239054 0.00186157 0.0122375 0.00058492 0.00761414 0.723002 0.000228882 0.0247752 0.251994 1 0 0 0 
0.0030365 0 0.00012207 3.56038e-05 0.00167847 0.622269 0.00143941 0 0.000981649 0.00292969 0.0137634 0 0.000330607 0.0041453 3.56038e-05 0.000676473 0.348557 0 0.0019989 0.649445 1 0 0 0 
0.00139364 0 8.64665e-05 0 0.00157674 0.706406 0.00113424 0 0.0014801 0.00202433 0.0024821 1.52588e-05 0.000244141 0.000996908 4.06901e-05 7.12077e-05 0.282049 0 3.05176e-05 0.717921 1 0 0 0 
0.189636 0.0202738 0.00250753 0.00504557 0.0357971 0.227117 0.00257874 0 0.00302633 0.00896708 0.0467224 0.000279744 0.00733439 0.0948944 0.00850932 0.021052 0.326258 0.00512187 0.0576019 0.611018 1 0 0 0 
0.189184 0.0113627 0.0122223 0.00143433 0.00106812 0.0010376 0.000681559 0.000386556 0.00411479 0.000590007 0.0283152 0.0385386 0.0656128 0.0670217 0.153849 0.131378 0.29924 0.170105 0.416718 0.113937 1 0 0 0 
0.20138 0.0147654 0.00869242 0.00111898 0.000249227 0.000254313 0.000244141 0.000356038 0.000427246 0.000590007 0.0221405 0.0152079 0.0249939 0.105764 0.11937 0.289144 0.215856 0.391479 0.329976 0.0626882 1 0 0 0 
0.322077 0.0715586 0.0561981 0.0527344 0.00525411 0.00164795 0.0054067 0.00105794 0.00154114 0.000681559 0.023056 0.00840759 0.0124207 0.0256399 0.0581055 0.252741 0.177058 0.47108 0.25207 0.0997925 0.996094 0.00390625 0 0 
0.378754 0.0263824 0.037735 0.0338694 0.00186157 0.00173442 0.00202433 0.00012207 0.00238037 0.000615438 0.0121867 0.0189616 0.0191956 0.023997 0.18986 0.180166 0.349848 0.313416 0.245885 0.0908508 0.974981 0.0250193 0 0 
0.386541 0.13886 0.0871531 0.00800069 0.00154114 0.00352478 0.000742594 0.00522359 0.00571696 0.0062561 0.00667826 0.011027 0.0114441 0.0171865 0.0534871 0.198644 0.303045 0.355108 0.230586 0.111262 0.950063 0.0499369 0 0 
0.449788 0.13004 0.0496826 0.0115662 0.000686646 0.000864665 0.00192261 0.000640869 0.00917053 0.00492859 0.00818888 0.00892131 0.0115 0.0152791 0.0527954 0.19784 0.359146 0.31752 0.227717 0.0956167 0.923447 0.0759226 0.000630697 0 
0.536204 0.134659 0.0484568 0.0607198 0.0195618 0.0052948 0.00642395 0.000788371 0.00955709 0.00592041 0.00536092 0.00662231 0.0058492 0.0103455 0.0369873 0.0918427 0.367325 0.313324 0.214223 0.105128 0.911764 0.0879669 0.000269572 0 
0.542837 0.158727 0.0726725 0.0241394 0.00760905 0.010376 0.00288391 0.000549316 0.00359599 0.00427755 0.00582377 0.00728861 0.0102488 0.0121307 0.0365448 0.0815989 0.44606 0.307078 0.201797 0.0450643 0.911402 0.0839437 0.00465393 0 
0.415761 0.329519 0.0571747 0.0455221 0.0108999 0.0115865 0.00215149 0.00408427 0.00223287 0.000722249 0.00310771 0.00383504 0.00816854 0.0117798 0.0265757 0.0502014 0.429301 0.318858 0.182709 0.0691325 0.88265 0.104528 0.0128225 0 
0.569733 0.186366 0.0441437 0.0405833 0.00789897 0.00123596 0.000915527 0.00265503 0.000762939 8.64665e-05 0.00290426 0.0045166 0.0102386 0.0162303 0.031189 0.0673726 0.429357 0.274974 0.189718 0.105952 0.814087 0.159607 0.0263062 0 
0.513657 0.222249 0.0599314 0.0222015 0.0217489 0.00276184 0.00594076 0.00497437 0.00376892 0.000152588 0.000920614 0.00291951 0.00847371 0.0142619 0.0307159 0.0780436 0.329453 0.28894 0.208837 0.17277 0.719696 0.20989 0.0633952 0.00701904 
0.583323 0.171432 0.0191193 0.0170542 0.0235799 0.00120544 0.00472005 0.0079244 0.00351969 0.000335693 0.000813802 0.00351969 0.00600688 0.0152893 0.0378774 0.0980784 0.311854 0.277537 0.222575 0.188034 0.640386 0.255681 0.0780131 0.0259196 
0.55809 0.172679 0.0494537 0.0225423 0.0244446 0.00328573 0.00477091 0.00719706 0.00378927 0.000305176 0.00123088 0.00314331 0.00632222 0.0164337 0.0330658 0.087326 0.28008 0.283117 0.222438 0.214366 0.600545 0.278488 0.0856781 0.0352885 
0.582128 0.156947 0.0296326 0.0233917 0.0216014 0.00272115 0.00393677 0.00751241 0.00419108 0.000183105 0.000935872 0.00367737 0.00743103 0.0186005 0.0392303 0.0934347 0.283518 0.28539 0.223841 0.20725 0.598653 0.28037 0.0860341 0.0349426 
0.569504 0.164795 0.0366567 0.0252584 0.0247396 0.00376892 0.00435384 0.0079244 0.00219218 0.000488281 0.00120544 0.00454203 0.0081075 0.0182343 0.0374502 0.0868581 0.275187 0.294271 0.216365 0.214177 0.606634 0.274668 0.0844421 0.034256 
0.582799 0.148997 0.0256602 0.0263468 0.0206146 0.00312805 0.00385539 0.008255 0.00242615 0.000498454 0.00131734 0.00548299 0.00929769 0.0238953 0.0413462 0.0912781 0.293991 0.285182 0.207316 0.213511 0.605896 0.27684 0.0832316 0.0340322 
0.557653 0.162354 0.0414683 0.0290273 0.020167 0.00549825 0.00424703 0.00730896 0.00212097 0.000549316 0.00134277 0.0057017 0.0104472 0.0218964 0.0385895 0.0883077 0.287211 0.289708 0.204173 0.218908 0.610031 0.272283 0.0828298 0.0348562 
0.573105 0.150482 0.0309194 0.0302277 0.0156504 0.00401815 0.00509135 0.00681051 0.00205994 0.000320435 0.00160217 0.00607808 0.0113475 0.0240835 0.043457 0.0913595 0.298426 0.278356 0.210358 0.21286 0.601664 0.279566 0.0827535 0.0360158 
0.555715 0.154012 0.0451101 0.0327555 0.0213572 0.0058136 0.00553385 0.00587463 0.00143941 0.000569661 0.00178019 0.00555929 0.0118713 0.0222422 0.0391032 0.089035 0.289098 0.27947 0.210724 0.220708 0.600352 0.280329 0.0825857 0.036733 
0.573278 0.147868 0.0358226 0.0275065 0.0229289 0.00454712 0.00460307 0.00536092 0.00199382 0.000513713 0.00131226 0.00526428 0.0118306 0.0227305 0.0393372 0.0927022 0.290934 0.274984 0.210353 0.223729 0.592082 0.286672 0.0820669 0.0391795 
0.562185 0.159566 0.0416514 0.0272929 0.0243327 0.00494385 0.00447591 0.00493368 0.00192261 0.000513713 0.00132243 0.00521851 0.0105489 0.0219777 0.0371094 0.0904388 0.275238 0.282344 0.206853 0.235565 0.59022 0.288137 0.0808258 0.0408173 
0.621318 0.169098 0.0339508 0.0110168 0.000757853 0.000335693 0.00012207 4.57764e-05 3.56038e-05 2.54313e-05 0.000508626 0.00136312 0.0117493 0.0196838 0.0391439 0.0906219 0.300791 0.294678 0.268829 0.135701 0.469498 0.428731 0.0838318 0.0179392 
0.46876 0.0354156 0.00042216 6.10352e-05 0 0 0 0 0 0 0 0 0 4.06901e-05 0.0277405 0.46756 0.544729 0.277868 0.17425 0.00315348 0.0247752 0.967428 0.00779724 0 
0.389959 0.020518 0.000157674 6.10352e-05 0 0 0 0 0 0 0 0 0 5.08626e-06 0.0486806 0.540619 0.541138 0.291331 0.164963 0.00256856 0.0263265 0.96406 0.00961304 0 
0.387278 0.0186208 0.000172933 8.13802e-05 0 0 0 0 0 0 0 0 0 1.52588e-05 0.0609996 0.532832 0.541255 0.295349 0.160711 0.00268555 0.0263672 0.962682 0.0109507 0 
0.392481 0.0215963 0.000106812 6.10352e-05 0 0 0 0 0 0 0 0 0 4.57764e-05 0.0591278 0.526581 0.543564 0.289276 0.164983 0.00217692 0.0263926 0.962692 0.0109151 0 
0.392303 0.0239512 0.000106812 6.10352e-05 0 0 0 0 0 0 0 0 0 5.59489e-05 0.0588328 0.524689 0.544286 0.28627 0.166077 0.00336711 0.0267232 0.962535 0.0107422 0 
0.37145 0.0159709 0.000106812 6.10352e-05 0 0 0 0 0 0 0 0 0 2.03451e-05 0.0721792 0.540212 0.540573 0.293187 0.164134 0.00210571 0.025411 0.961192 0.0133972 0 
0.406647 0.0201619 0.00012207 6.10352e-05 0 0 0 0 0 0 0 0 0 3.05176e-05 0.0575918 0.515386 0.546163 0.281504 0.169627 0.00270589 0.0255992 0.961721 0.0126801 0 
0.369075 0.0169525 0.000111898 6.10352e-05 0 0 0 0 0 0 0 0 0 2.54313e-05 0.071991 0.541784 0.541743 0.291906 0.16419 0.00216166 0.024231 0.96165 0.0141195 0 
0.385656 0.0236155 0.000127157 6.10352e-05 0 0 0 0 0 0 0 0 0 3.05176e-05 0.0563049 0.534205 0.546392 0.282832 0.16775 0.00302633 0.0248718 0.96169 0.0134379 0 
0.351156 0.0131785 0.000127157 6.10352e-05 0 0 0 0 0 0 0 0 0 2.54313e-05 0.0797679 0.555684 0.544067 0.290756 0.163239 0.00193787 0.0243073 0.96406 0.0116323 0 
0.371862 0.0159149 0.000157674 6.61214e-05 0 0 0 0 0 0 0 0 0 4.57764e-05 0.0768585 0.535095 0.550339 0.283946 0.16361 0.00210571 0.0251414 0.967387 0.00747172 0 
0.343129 0.00946554 0 0 0 0 0 0 0 0 0 0 0 2.03451e-05 0.106679 0.540705 0.542536 0.295252 0.15922 0.00299072 0.0238037 0.966634 0.00956217 0 
0.357142 0.0122732 0 0 0 0 0 0 0 0 0 0 0 3.56038e-05 0.0924428 0.538106 0.549179 0.285136 0.162455 0.00322978 0.0241903 0.964498 0.0113118 0 
0.336614 0.0110219 0 0 0 0 0 0 0 0 0 0 0 3.56038e-05 0.0933482 0.55898 0.543477 0.29366 0.161107 0.00175476 0.0239614 0.963501 0.0125376 0 
0.353205 0.0147756 0 0 0 0 0 0 0 0 0 0 0 2.54313e-05 0.0743713 0.557622 0.548996 0.284215 0.163844 0.00294495 0.0245107 0.963267 0.0122223 0 
0.342306 0.0119527 0 0 0 0 0 0 0 0 0 0 0 3.56038e-05 0.0772247 0.568481 0.544973 0.290344 0.162257 0.00242615 0.0243225 0.962301 0.0133769 0 
0.376551 0.0184784 2.54313e-05 0 0 0 0 0 0 0 0 0 0 3.56038e-05 0.0574493 0.54746 0.550786 0.27888 0.167557 0.0027771 0.0251465 0.962168 0.0126851 0 
0.366638 0.0170237 2.54313e-05 0 0 0 0 0 0 0 0 0 0 5.08626e-06 0.0593974 0.55691 0.548101 0.284281 0.165568 0.00204976 0.0253042 0.961995 0.0127004 0 
0.299418 0.103831 0.0351359 0.0378164 0.0244802 0.029541 0.106501 0.012558 0.000539144 3.56038e-05 5.08626e-05 5.08626e-06 3.05176e-05 0.000218709 0.0354156 0.313812 0.630035 0.291326 0.0786184 2.03451e-05 0.0645498 0.933772 0.00167847 0 
0.0437266 0.0924021 0.0785116 0.10085 0.084493 0.0544434 0.275136 0.262985 0.000325521 5.08626e-06 1.01725e-05 1.01725e-05 2.03451e-05 0.000213623 0.00116475 0.00560506 0.0975444 0.365341 0.337468 0.199646 0.644363 0.250168 0.103236 0.00223287 
0.0103302 0.0754191 0.0616913 0.14679 0.105718 0.0510559 0.247945 0.299245 0.000513713 0.000116984 1.52588e-05 1.01725e-05 5.08626e-06 1.52588e-05 0.000386556 0.000717163 0.187897 0.292908 0.310862 0.208333 0.643117 0.253428 0.10051 0.00294495 
0.0154622 0.0575612 0.0605977 0.156357 0.103704 0.0551249 0.231593 0.317479 0.000895182 4.57764e-05 1.01725e-05 0 0 0 0.000442505 0.000630697 0.186605 0.299199 0.298843 0.215352 0.645309 0.251343 0.10053 0.00281779 
0.013209 0.0601247 0.0621796 0.1548 0.101446 0.0566711 0.236003 0.312897 0.000951131 0.000111898 4.06901e-05 2.03451e-05 5.08626e-06 1.52588e-05 0.000442505 0.000727336 0.208822 0.277532 0.309891 0.203756 0.644124 0.247055 0.10611 0.00271098 
0.0107625 0.0527598 0.0544586 0.152039 0.109934 0.0632172 0.243546 0.310237 0.000946045 9.15527e-05 7.62939e-05 0 5.08626e-06 5.08626e-06 0.000488281 0.000508626 0.194784 0.278534 0.296509 0.230174 0.638072 0.243149 0.116465 0.00231425 
0.00820923 0.0485942 0.0534617 0.155899 0.110092 0.0639191 0.249283 0.307958 0.00088501 0.000127157 7.12077e-05 5.08626e-06 1.01725e-05 6.61214e-05 0.000106812 0.000254313 0.219106 0.256261 0.292074 0.232559 0.629181 0.244008 0.125412 0.00139872 
0.00559489 0.038264 0.0530599 0.154638 0.116038 0.0764974 0.300049 0.253835 0.000839233 0.000178019 1.52588e-05 0 5.08626e-06 8.13802e-05 0.000111898 0.000172933 0.203791 0.267415 0.268773 0.26002 0.67571 0.186793 0.136724 0.000773112 
0.00303141 0.0333049 0.033432 0.167521 0.116954 0.152217 0.262044 0.229579 0.000706991 3.56038e-05 1.52588e-05 1.52588e-05 1.01725e-05 1.01725e-05 0.00030009 0.000208537 0.170176 0.369293 0.261403 0.199127 0.714747 0.199824 0.0783946 0.0070343 
0.00386047 0.0444489 0.0353902 0.207952 0.123149 0.0956472 0.225291 0.260488 0.00149028 3.56038e-05 0.000101725 5.08626e-06 1.01725e-05 2.03451e-05 0.000305176 0.000691732 0.229975 0.316498 0.245351 0.208176 0.710536 0.2055 0.0757497 0.00821431 
0.00192261 0.0418905 0.0266469 0.209732 0.124598 0.101959 0.237142 0.25325 0.00115967 5.08626e-05 2.03451e-05 1.01725e-05 1.01725e-05 2.03451e-05 0.00038147 0.000696818 0.211192 0.317703 0.253296 0.217809 0.705592 0.209585 0.0762177 0.00860596 
0.00434875 0.0551707 0.0317637 0.21696 0.090917 0.0986786 0.234156 0.264414 0.001297 4.57764e-05 6.10352e-05 2.03451e-05 4.57764e-05 0.000157674 0.000457764 0.000905355 0.262324 0.280177 0.247045 0.210454 0.701767 0.21287 0.0767924 0.00857035 
0.00489807 0.0414632 0.0342865 0.216761 0.103078 0.097463 0.236786 0.262848 0.000706991 0 7.62939e-05 5.08626e-06 1.01725e-05 3.56038e-05 0.000101725 0.000178019 0.244059 0.292343 0.252853 0.210744 0.700658 0.213064 0.077652 0.0086263 
0.00522868 0.0417938 0.0365855 0.225016 0.0987651 0.0938517 0.239827 0.256144 0.000935872 1.01725e-05 0.000208537 5.08626e-06 1.01725e-05 3.56038e-05 0.000401815 0.000315348 0.256836 0.290771 0.244949 0.207443 0.706161 0.206172 0.0792491 0.00841777 
0.00411987 0.0362498 0.0371602 0.216019 0.105413 0.106766 0.247121 0.244186 0.000818888 1.52588e-05 0.000142415 1.01725e-05 2.03451e-05 2.54313e-05 0.000732422 0.000564575 0.241623 0.303151 0.238693 0.216532 0.714055 0.194794 0.0818329 0.00931803 
0.00626119 0.0398305 0.0329183 0.218648 0.114263 0.0993347 0.247518 0.238286 0.000645955 5.08626e-05 7.62939e-05 0 5.08626e-06 1.52588e-05 0.000706991 0.000457764 0.250651 0.303324 0.243652 0.202372 0.719966 0.185191 0.0852712 0.00957235 
0.0035553 0.03479 0.035553 0.209086 0.128006 0.103826 0.250412 0.232157 0.000701904 0.000132243 9.6639e-05 3.05176e-05 5.08626e-06 3.56038e-05 0.000712077 0.000635783 0.23233 0.314957 0.246958 0.205755 0.722722 0.178991 0.088857 0.00942993 
0.00820414 0.0358378 0.0331777 0.211497 0.12856 0.0968577 0.250249 0.233363 0.000839233 0.000132243 0.00012207 3.05176e-05 5.08626e-06 3.56038e-05 0.000401815 0.000401815 0.245702 0.310557 0.245575 0.198166 0.721344 0.176264 0.0933024 0.00908915 
0.00413005 0.035614 0.0350189 0.196615 0.142085 0.0968221 0.251073 0.236079 0.00116984 0.000147502 6.10352e-05 4.57764e-05 2.03451e-05 3.05176e-05 0.000411987 0.000437419 0.230637 0.319951 0.249293 0.200119 0.717977 0.1748 0.0989532 0.00827026 
0.00892639 0.0567271 0.0327962 0.179652 0.135284 0.0951182 0.257177 0.230972 0.000951131 0.000137329 5.08626e-05 4.57764e-05 3.56038e-05 3.56038e-05 0.000518799 0.000635783 0.251307 0.30363 0.245585 0.199478 0.714762 0.173981 0.104182 0.00707499 
0.00747681 0.0544993 0.0352783 0.164098 0.135274 0.105672 0.265045 0.227666 0.000956217 8.13802e-05 3.05176e-05 5.59489e-05 5.08626e-06 3.05176e-05 0.00110881 0.00138346 0.231435 0.306549 0.244537 0.217478 0.711014 0.174179 0.108404 0.00640361 
0.0104065 0.0518188 0.0345306 0.172124 0.130361 0.0964457 0.269414 0.231257 0.00104777 8.64665e-05 0.000127157 2.54313e-05 7.62939e-05 0.000157674 0.000432332 0.000727336 0.218572 0.3137 0.249746 0.217982 0.706655 0.174723 0.112844 0.00577799 
0.0107778 0.0176493 0.0816091 0.0974833 0.104355 0.0856883 0.229762 0.325434 0.0295664 0.00577291 0.000366211 0.000615438 0.000274658 0.00012207 0.000986735 0.00111898 0.41894 0.311295 0.268865 0.000900269 0.645518 0.305033 0.0494486 0 
0.0781555 0.00657145 0.000890096 0.000396729 0.00034078 0.000432332 0.000681559 0.000630697 0.00271098 0.194041 0.289785 0.0945892 0.0595907 0.0617727 0.121699 0.0873006 0.418172 0.564463 0.0171051 0.000259399 0.18453 0.36259 0.452174 0.000706991 
0.0657857 0.00123596 0.000127157 3.56038e-05 5.08626e-05 5.59489e-05 0.00012207 0.000127157 0.00042216 0.0902608 0.368942 0.107422 0.0682678 0.0712179 0.126328 0.0994008 0.3234 0.635335 0.0408325 0.000432332 0.160339 0.368256 0.469172 0.00223287 
0.0564982 0.000478109 1.01725e-05 5.08626e-06 5.08626e-06 0 0 3.05176e-05 0.000345866 0.0750682 0.352697 0.132701 0.0773366 0.0747477 0.131404 0.0986481 0.32372 0.622152 0.0535533 0.000574748 0.159164 0.375916 0.462845 0.0020752 
0.0452321 0.000239054 8.64665e-05 1.52588e-05 1.01725e-05 5.08626e-06 0 5.08626e-06 0.000132243 0.0603485 0.339671 0.145564 0.0897725 0.0837504 0.145533 0.0896098 0.356623 0.589376 0.0534973 0.00050354 0.148509 0.409383 0.439382 0.00272624 
0.0383046 0.000116984 3.05176e-05 1.01725e-05 5.08626e-06 2.03451e-05 5.08626e-06 2.03451e-05 0.000188192 0.0530039 0.327138 0.156067 0.109406 0.0873362 0.13915 0.0891622 0.362834 0.582682 0.0539653 0.000518799 0.148926 0.418655 0.430471 0.00194804 
0.0342306 0.000137329 7.12077e-05 5.08626e-06 5.08626e-06 5.08626e-06 0 0 8.13802e-05 0.0464528 0.350911 0.158325 0.0972341 0.0749969 0.142802 0.0947266 0.359497 0.599091 0.0407867 0.00062561 0.140701 0.404719 0.452342 0.00223796 
0.0335592 0.000188192 6.61214e-05 0 0 5.08626e-06 2.03451e-05 3.05176e-05 0.000289917 0.0592244 0.349848 0.122798 0.0935822 0.0865682 0.156626 0.0971375 0.35289 0.608068 0.0383301 0.000712077 0.148417 0.411799 0.438004 0.00178019 
0.040802 9.15527e-05 7.12077e-05 0 0 5.08626e-06 1.01725e-05 1.01725e-05 0.000213623 0.0680186 0.329407 0.128515 0.0909882 0.0974426 0.147349 0.0969696 0.365891 0.597082 0.0366974 0.000330607 0.157842 0.400747 0.440323 0.00108846 
0.0353953 0.000111898 5.08626e-05 2.54313e-05 0.000111898 4.06901e-05 0 0 0.000325521 0.062734 0.319071 0.138565 0.0850779 0.102102 0.143667 0.112686 0.37618 0.581706 0.041453 0.000661214 0.165054 0.411967 0.420375 0.00260417 
0.0356445 0.000152588 5.08626e-06 0 0 5.08626e-06 8.13802e-05 4.57764e-05 0.000539144 0.0593109 0.309006 0.130758 0.089035 0.097819 0.161733 0.115753 0.378922 0.573568 0.046051 0.00145976 0.16983 0.423233 0.402771 0.00416565 
0.0383403 0.000259399 3.05176e-05 0 2.03451e-05 5.59489e-05 0.000167847 5.08626e-05 0.000452677 0.0403595 0.285243 0.137589 0.0991974 0.0932668 0.169561 0.135183 0.383616 0.576614 0.0383301 0.00143941 0.15564 0.468582 0.366572 0.00920614 
0.0310822 0.000167847 5.59489e-05 1.52588e-05 4.06901e-05 1.52588e-05 8.13802e-05 5.08626e-06 0.000366211 0.0242513 0.265574 0.133753 0.104492 0.0926412 0.202047 0.145269 0.387329 0.567571 0.0432587 0.00184123 0.157583 0.503153 0.333013 0.00625102 
0.0270487 0.000137329 5.08626e-05 0.000101725 5.08626e-06 1.52588e-05 4.06901e-05 2.54313e-05 0.00038147 0.0212758 0.252243 0.137583 0.0870412 0.0941264 0.225464 0.154439 0.384623 0.561564 0.0524801 0.0013326 0.171051 0.500275 0.326187 0.00248718 
0.0148214 0.000101725 3.05176e-05 0 1.01725e-05 5.08626e-06 1.01725e-05 1.52588e-05 0.000259399 0.026825 0.246623 0.124201 0.0919952 0.102732 0.234299 0.158056 0.356969 0.587372 0.0545909 0.00106812 0.196894 0.481934 0.318863 0.00230916 
0.00953166 0.000152588 2.03451e-05 2.03451e-05 0 0 0 1.01725e-05 0.000320435 0.0231018 0.254924 0.111664 0.0991007 0.114955 0.225688 0.160477 0.343089 0.60023 0.0555216 0.00115967 0.229747 0.450216 0.317754 0.00228373 
0.00734965 0.000142415 2.03451e-05 4.06901e-05 5.08626e-06 0 0 0 0.000152588 0.0174205 0.234634 0.124893 0.109319 0.136175 0.235102 0.13472 0.333547 0.609014 0.0558675 0.00157166 0.245529 0.438309 0.313248 0.00291443 
0.00579325 0.000198364 3.05176e-05 5.08626e-06 5.08626e-06 3.05176e-05 1.52588e-05 3.05176e-05 0.000259399 0.0213064 0.216888 0.117411 0.125056 0.148671 0.236888 0.127299 0.345357 0.598145 0.0551758 0.00132243 0.255056 0.445567 0.296997 0.00238037 
0.00499471 3.05176e-05 0 0 2.03451e-05 1.52588e-05 1.52588e-05 7.62939e-05 0.000549316 0.0277659 0.21314 0.10939 0.132487 0.1542 0.226573 0.130554 0.339106 0.605789 0.0529073 0.00219727 0.286672 0.42598 0.285965 0.00138346 
0.00636292 0.000157674 0 3.05176e-05 6.61214e-05 0.000111898 0.000167847 0.000203451 0.000778198 0.0283152 0.194041 0.13208 0.171504 0.156764 0.179392 0.129801 0.323664 0.616745 0.0570831 0.00250753 0.312983 0.416107 0.270147 0.000762939 
0.00984701 0.000101725 0 0 0 1.52588e-05 5.08626e-05 7.12077e-05 0.000467936 0.0196686 0.187002 0.12883 0.169174 0.156118 0.209371 0.119227 0.317047 0.60878 0.0719757 0.00219727 0.340963 0.398448 0.259369 0.0012207 
0.0106049 0.000137329 2.54313e-05 2.03451e-05 1.01725e-05 2.03451e-05 5.08626e-06 0 0.000172933 0.0190125 0.174891 0.107457 0.158702 0.166514 0.241994 0.120412 0.277247 0.65092 0.0704142 0.00141907 0.363159 0.401021 0.235062 0.000757853 
0.0150096 0.000101725 4.06901e-05 2.03451e-05 1.01725e-05 5.08626e-06 6.10352e-05 0 0.000376383 0.0183868 0.168457 0.0901438 0.151972 0.164368 0.248759 0.142207 0.276128 0.650131 0.0723419 0.00139872 0.355281 0.438105 0.2061 0.000513713 
0.0290985 0.000147502 0.000106812 1.52588e-05 0.000142415 2.03451e-05 6.10352e-05 0 6.10352e-05 0.0127004 0.145401 0.102214 0.159846 0.147288 0.264262 0.138479 0.285843 0.643763 0.0695597 0.000834147 0.353221 0.462972 0.183512 0.000295003 
0.055247 0.000350952 0.000188192 7.62939e-05 0 1.01725e-05 0 1.01725e-05 4.06901e-05 0.00243632 0.107279 0.0963643 0.122803 0.131215 0.216782 0.267192 0.349269 0.629323 0.0211538 0.000254313 0.256739 0.617355 0.125905 0 
0.613327 0.116882 0.0234833 0.0109914 0.00443014 0.000249227 0.000172933 8.64665e-05 0.000371297 0.00269063 0.0168508 0.00860087 0.00691223 0.0103455 0.0318654 0.152059 0.361115 0.245244 0.318161 0.0754801 0.0759735 0.610825 0.313182 2.03451e-05 
0.646027 0.125895 0.0235392 0.0107981 0.00546265 0.000467936 0.000615438 0.000656128 0.000452677 0.00168355 0.0174306 0.00846863 0.00550842 0.00560506 0.0190328 0.127569 0.349457 0.226303 0.329564 0.0946757 0.0710449 0.601883 0.327052 2.03451e-05 
0.656576 0.14415 0.026001 0.0114288 0.00560506 0.000834147 0.000946045 0.000712077 0.000401815 0.00202433 0.0179952 0.00781759 0.00470988 0.00389608 0.015981 0.100037 0.347727 0.218155 0.330826 0.103292 0.0705363 0.599091 0.330353 2.03451e-05 
0.653763 0.136281 0.0252024 0.0110626 0.0055542 0.000620524 0.000518799 0.000946045 0.000534058 0.00171916 0.0182902 0.00804647 0.005071 0.00470988 0.0163015 0.110199 0.349106 0.221105 0.335571 0.0942179 0.0680033 0.588608 0.343374 1.52588e-05 
0.652863 0.15653 0.0271301 0.0120494 0.00557454 0.000630697 0.000752767 0.000996908 0.000635783 0.00301107 0.0176544 0.00763448 0.00475566 0.00420125 0.0148214 0.0896047 0.349335 0.220428 0.330638 0.0995992 0.0681458 0.589437 0.342402 1.52588e-05 
0.652822 0.148148 0.0252686 0.0123444 0.0051473 0.000391642 0.000528971 0.000722249 0.000615438 0.00303141 0.0177307 0.00811259 0.00545756 0.00452677 0.0153097 0.0988261 0.352987 0.232417 0.317739 0.0968577 0.0646871 0.585322 0.34997 2.03451e-05 
0.653773 0.154236 0.026886 0.0127818 0.00532532 0.000432332 0.000620524 0.00062561 0.000656128 0.00330098 0.017924 0.00818888 0.00509135 0.0047404 0.0141754 0.089859 0.352158 0.230916 0.313024 0.103902 0.0655467 0.599848 0.334585 2.03451e-05 
0.665817 0.141576 0.025238 0.0119476 0.00513204 0.000427246 0.000600179 0.00062561 0.000630697 0.00278727 0.0185496 0.00815837 0.00502014 0.00438944 0.0141856 0.0935618 0.3393 0.219137 0.329778 0.111786 0.0674489 0.614502 0.318024 2.54313e-05 
0.667247 0.152588 0.0282796 0.0134735 0.00554911 0.000523885 0.000727336 0.000478109 0.000656128 0.00352478 0.0180257 0.00775655 0.00465902 0.0043691 0.0116882 0.0788778 0.331797 0.207392 0.335337 0.125473 0.0708567 0.620936 0.308177 3.05176e-05 
0.676437 0.138362 0.0251363 0.0119019 0.00544739 0.00038147 0.0006663 0.000569661 0.000671387 0.00293986 0.018514 0.00800578 0.00491842 0.0046285 0.0120443 0.0880941 0.328334 0.21701 0.34433 0.110326 0.0663503 0.617427 0.316188 3.56038e-05 
0.677343 0.146606 0.0289052 0.0118205 0.00607808 0.000473022 0.000956217 0.000722249 0.000600179 0.00284322 0.0170288 0.0072937 0.00454203 0.00416565 0.00992839 0.0790405 0.317378 0.227229 0.366084 0.0893097 0.0612996 0.626734 0.311941 2.54313e-05 
0.701533 0.127085 0.0266113 0.0117035 0.00569661 0.000345866 0.00111898 0.000595093 0.00054423 0.00135295 0.0141907 0.0068868 0.00442505 0.00435893 0.011734 0.080307 0.301046 0.263799 0.343333 0.0918223 0.0571645 0.659429 0.283351 5.59489e-05 
0.714259 0.129979 0.0276693 0.0117696 0.00594076 0.000432332 0.00120036 0.000600179 0.000483195 0.00141398 0.011912 0.00690715 0.00397237 0.00344849 0.00887553 0.0698751 0.273758 0.277908 0.33609 0.112244 0.0578868 0.677999 0.264048 6.61214e-05 
0.732325 0.113749 0.0251719 0.0107931 0.00623576 0.000264486 0.0006663 0.000574748 0.000742594 0.00126648 0.0107269 0.00735474 0.00472005 0.00441488 0.0100861 0.0696767 0.264806 0.266312 0.338028 0.130854 0.0605062 0.673574 0.265849 7.12077e-05 
0.730876 0.124771 0.0276794 0.0108999 0.00672913 0.000417074 0.000696818 0.000452677 0.000579834 0.00164286 0.0105794 0.00635274 0.00420125 0.00400798 0.00890605 0.0600026 0.257161 0.226659 0.369924 0.146255 0.0667369 0.67215 0.261042 7.12077e-05 
0.738159 0.11967 0.0258535 0.0107066 0.00671895 0.000345866 0.000813802 0.000432332 0.000452677 0.00121562 0.0104218 0.00533549 0.00352987 0.00336711 0.0088857 0.0627492 0.253057 0.186086 0.402868 0.15799 0.0696259 0.663849 0.266454 7.12077e-05 
0.737391 0.12794 0.0279592 0.0110728 0.00698853 0.000528971 0.000656128 0.00046285 0.00050354 0.00140889 0.0102895 0.00518799 0.00306193 0.00289917 0.00835164 0.0540161 0.247904 0.177017 0.407196 0.167882 0.073466 0.664764 0.261698 7.12077e-05 
0.740509 0.119588 0.0254669 0.0108897 0.0067393 0.000539144 0.000671387 0.000447591 0.000559489 0.00100708 0.0102743 0.00551351 0.00331116 0.00319417 0.00882467 0.0612284 0.24383 0.175476 0.415222 0.165471 0.0728149 0.66097 0.266149 6.61214e-05 
0.72993 0.129339 0.0263418 0.0109507 0.00693258 0.000518799 0.000645955 0.000478109 0.000839233 0.000940959 0.0100555 0.00553894 0.00311279 0.0029246 0.00935364 0.060847 0.246007 0.164825 0.41568 0.173487 0.0749766 0.657227 0.267726 7.12077e-05 
0.73437 0.120127 0.0249634 0.0108439 0.00673421 0.000442505 0.000661214 0.000488281 0.00088501 0.000971476 0.0103505 0.00571696 0.00357056 0.00340271 0.0100708 0.0648651 0.256597 0.161285 0.413264 0.168854 0.0733337 0.647191 0.279419 5.59489e-05 
0.719961 0.14065 0.0270945 0.0105591 0.00756836 0.000518799 0.00130717 0.000595093 0.00102234 0.00162252 0.0102946 0.00531006 0.00309753 0.00309245 0.00854492 0.0580241 0.260773 0.160055 0.403137 0.176036 0.0745239 0.643743 0.281693 4.06901e-05 
0.726796 0.137115 0.0272725 0.0116679 0.00641886 0.00042216 0.000391642 0.000483195 0.00101217 0.00149536 0.00936381 0.0051829 0.0039622 0.00350444 0.00931295 0.0547536 0.260579 0.18512 0.440648 0.113653 0.0708669 0.808665 0.120453 1.52588e-05 
0.396398 0.248464 0.105596 0.0846252 0.0214844 0.00424703 0.000564575 0.000244141 0.000401815 0.000147502 0.000264486 0.00251261 0.00900777 0.0134328 0.0264893 0.0850423 0.236201 0.532415 0.230555 0.000829061 0.788488 0.210958 0.000518799 3.56038e-05 
0.444092 0.202713 0.110977 0.0741628 0.00968424 0.00276184 0.000432332 0.000178019 0.000213623 3.56038e-05 0.000605265 0.00374858 0.014094 0.0160522 0.0279388 0.0888214 0.353831 0.474253 0.171616 0.00030009 0.784754 0.214625 0.000569661 5.08626e-05 
0.444275 0.203115 0.100815 0.0735931 0.0116526 0.00278727 0.000493368 0.000427246 0.000320435 0.000101725 0.000696818 0.00550842 0.0164388 0.0158132 0.0286916 0.0912679 0.376989 0.468852 0.154124 3.56038e-05 0.786158 0.213181 0.000600179 6.10352e-05 
0.449137 0.197489 0.106511 0.0736542 0.0106252 0.00261434 0.000574748 0.000289917 0.000391642 0.000172933 0.000701904 0.00618998 0.0165761 0.0143331 0.0275065 0.0885061 0.382314 0.467646 0.149963 7.62939e-05 0.789281 0.210063 0.000590007 6.61214e-05 
0.424438 0.206879 0.114507 0.0766754 0.0141347 0.00261434 0.000605265 0.000345866 0.000361125 0.000172933 0.000661214 0.0061086 0.0167999 0.0155029 0.0283407 0.0873057 0.388219 0.463862 0.147827 9.15527e-05 0.793254 0.206009 0.000661214 7.62939e-05 
0.452087 0.184586 0.118408 0.0695699 0.0131836 0.00165812 0.000595093 0.000371297 0.000427246 0.000198364 0.000829061 0.00670369 0.0175222 0.0164388 0.0274811 0.0857646 0.395986 0.469243 0.13473 4.06901e-05 0.793223 0.205892 0.00080363 8.13802e-05 
0.434321 0.190018 0.120839 0.0734304 0.0149689 0.00231934 0.000961304 0.000498454 0.000600179 0.000188192 0.000783285 0.0081075 0.0176646 0.0158437 0.0283254 0.0870056 0.396342 0.467199 0.136424 3.56038e-05 0.797394 0.201757 0.000778198 7.12077e-05 
0.451787 0.176397 0.124374 0.0693156 0.0130463 0.00204468 0.000569661 0.000350952 0.000442505 0.000218709 0.0010376 0.00872803 0.0187836 0.0170034 0.0276133 0.0837097 0.399048 0.473602 0.127304 4.57764e-05 0.80044 0.19869 0.000818888 5.08626e-05 
0.418706 0.200816 0.12263 0.0720927 0.0151469 0.00220235 0.00038147 0.000289917 0.00016276 0.000106812 0.00108846 0.00826518 0.0189209 0.0185852 0.0298665 0.0857951 0.396367 0.475759 0.127833 4.06901e-05 0.798518 0.200617 0.000859578 5.08626e-06 
0.44219 0.184723 0.123271 0.0693614 0.0140279 0.00236003 0.00046285 0.000244141 0.00016276 9.15527e-05 0.000946045 0.0083313 0.0193075 0.0183919 0.029246 0.0815328 0.394348 0.484543 0.121053 5.59489e-05 0.794815 0.204437 0.000747681 0 
0.425491 0.196869 0.121175 0.0748444 0.0145213 0.00250244 0.000457764 0.000228882 0.000147502 8.13802e-05 0.000951131 0.00886536 0.0198212 0.0187124 0.0299021 0.0799815 0.393483 0.47993 0.126465 0.00012207 0.795003 0.204397 0.000600179 0 
0.444478 0.178802 0.119166 0.0681814 0.0140533 0.00269063 0.000401815 0.000269572 0.000172933 8.13802e-05 0.00105794 0.00863139 0.020106 0.0198161 0.0316874 0.0849101 0.399562 0.481618 0.118698 0.00012207 0.79009 0.209218 0.000691732 0 
0.420176 0.204931 0.112188 0.0772247 0.0167948 0.00321452 0.000366211 0.000244141 0.000198364 0.00012207 0.00140889 0.00900777 0.0196889 0.0197398 0.0289052 0.081426 0.397446 0.477066 0.125331 0.000157674 0.79273 0.206472 0.000798543 0 
0.450475 0.178233 0.11558 0.0686442 0.00881449 0.00243632 0.000269572 0.000233968 0.000228882 7.12077e-05 0.00112915 0.00842794 0.0194092 0.0200195 0.0325826 0.086792 0.404439 0.475276 0.120193 9.15527e-05 0.789988 0.209188 0.000823975 0 
0.418096 0.19663 0.122426 0.0788218 0.0169423 0.00330098 0.000457764 0.000244141 0.000330607 4.57764e-05 0.00118001 0.00946045 0.0188243 0.0190328 0.0305278 0.0786082 0.398397 0.47757 0.123901 0.000132243 0.792664 0.206457 0.000879924 0 
0.436111 0.177994 0.12173 0.0731913 0.0153453 0.00313822 0.000391642 0.000320435 0.000498454 0.000188192 0.00137838 0.00914001 0.0200958 0.0190786 0.0313416 0.0845184 0.398631 0.479335 0.121933 0.000101725 0.788015 0.211095 0.000890096 0 
0.404317 0.208308 0.119598 0.0827738 0.0171051 0.00284831 0.000773112 0.000228882 0.000635783 0.000183105 0.00145976 0.00914001 0.020401 0.0190582 0.0295919 0.0787099 0.396245 0.473796 0.129857 0.000101725 0.790497 0.208639 0.000864665 0 
0.434458 0.179932 0.11676 0.0802612 0.0124003 0.00290426 0.000823975 0.000452677 0.000528971 6.61214e-05 0.00132751 0.00954183 0.0211029 0.02005 0.0308431 0.0834808 0.403844 0.471965 0.12409 0.000101725 0.788874 0.210302 0.000823975 0 
0.423294 0.191605 0.114146 0.0895182 0.0135651 0.00343831 0.0009257 0.000549316 0.000559489 9.15527e-05 0.00105794 0.00929769 0.0216064 0.0188751 0.0301463 0.077479 0.402837 0.466512 0.130549 0.000101725 0.79391 0.205241 0.000849406 0 
0.437998 0.17249 0.116191 0.0835012 0.0113983 0.00206502 0.000493368 0.000295003 0.000473022 0.000101725 0.00112406 0.00892639 0.0219879 0.0207265 0.0316569 0.0872599 0.413595 0.465139 0.121165 0.000101725 0.786474 0.212652 0.000874837 0 
0.403432 0.195958 0.120021 0.0797984 0.0223287 0.0031484 0.000493368 0.000249227 0.000406901 0.000101725 0.00111389 0.00895691 0.0219472 0.0212606 0.0318502 0.0868022 0.413503 0.459651 0.126745 0.000101725 0.788147 0.210993 0.000859578 0 
0.433701 0.171951 0.120682 0.0749156 0.0162354 0.0021464 0.000371297 0.000183105 0.000457764 0.000101725 0.00122579 0.00890605 0.0226034 0.0211385 0.0324809 0.0891978 0.416107 0.46229 0.121501 0.000101725 0.786123 0.213003 0.000874837 0 
0.413045 0.189672 0.115824 0.0858612 0.0199076 0.00282796 0.00034078 0.000330607 0.00030009 9.6639e-05 0.00139872 0.00952148 0.0222829 0.0188141 0.0320689 0.0840505 0.417353 0.458801 0.123734 0.000111898 0.79068 0.208415 0.000905355 0 
0.451528 0.164429 0.11941 0.0663503 0.0101827 0.00179036 0.000147502 0.000249227 0.000172933 7.62939e-05 0.00171916 0.0100149 0.0227915 0.0194244 0.0350596 0.0903676 0.41685 0.464437 0.118713 0 0.784841 0.214264 0.000895182 0 
0.42426 0.1943 0.117035 0.0687866 0.0167643 0.00291951 0.000239054 0.000498454 0.000345866 0.000178019 0.00224813 0.00995382 0.0220947 0.0178375 0.0322723 0.0846812 0.411916 0.462565 0.125453 6.61214e-05 0.787944 0.211187 0.000869751 0 
0.441895 0.179016 0.113007 0.0661723 0.0130157 0.00248718 0.000233968 0.000244141 0.000239054 0.000137329 0.00215658 0.00989278 0.0225321 0.0194906 0.0332286 0.0896962 0.41479 0.467951 0.117259 0 0.781952 0.217189 0.000859578 0 
