0.00104972 0.00132722 0.0014079
0.000146225 0.00281933 0.00024055
3.54443e-05 0.0030582 6.44659e-05
0.00451235 0.00289833 0.0025921
0.0272365 0.0137361 0.0175964
0.0487211 0.0251564 0.0299223
0.0646214 0.0357969 0.034965
0.0857285 0.047249 0.0480974
0.103139 0.0582003 0.0552133
0.121479 0.0688395 0.0660782
0.130459 0.07986 0.0692916
0.133067 0.0885376 0.0783924
0.145348 0.098616 0.0827903
0.179716 0.109921 0.095134
0.222122 0.122822 0.102492
0.259328 0.134295 0.11558
0.274924 0.141202 0.118607
0.276361 0.141221 0.121067
0.27421 0.141789 0.119644
0.274137 0.141986 0.12143
0.273144 0.142305 0.12007
0.275935 0.142356 0.12246
0.27585 0.142504 0.120834
0.279175 0.142409 0.122058
0.280169 0.142237 0.120798
0.299111 0.172947 0.150857
0.409779 0.309986 0.300957
0.409931 0.307315 0.303603
0.410259 0.307027 0.303988
0.410498 0.307518 0.303992
0.410173 0.307681 0.303674
0.41312 0.308546 0.306564
0.411776 0.309274 0.304785
0.413746 0.309326 0.307199
0.412088 0.30928 0.3054
0.413048 0.308928 0.307634
0.411065 0.30869 0.306235
0.414126 0.308509 0.309143
0.412883 0.309001 0.308247
0.414143 0.30882 0.309225
0.41295 0.308733 0.307453
0.414116 0.308594 0.308315
0.411994 0.308469 0.305663
0.412465 0.308302 0.30597
0.351303 0.30709 0.288997
0.0934787 0.230228 0.167311
0.0918163 0.231806 0.170862
0.0917279 0.232004 0.172446
0.0923209 0.232878 0.173633
0.0902168 0.235967 0.174449
0.0908249 0.237728 0.176441
0.0884446 0.23546 0.171783
0.086102 0.214618 0.155896
0.0877845 0.213871 0.158793
0.0866794 0.216389 0.159021
0.0885477 0.217637 0.161969
0.0880626 0.218633 0.161828
0.0889624 0.217773 0.161254
0.0879437 0.216825 0.159202
0.089066 0.215859 0.158558
0.0885583 0.216139 0.157759
0.0899708 0.217334 0.159222
0.0896956 0.219251 0.160062
0.0904614 0.220441 0.161454
0.0892455 0.222552 0.16171
0.0896786 0.224733 0.163262
0.139481 0.230402 0.195155
0.347709 0.339526 0.422076
0.354746 0.336511 0.439421
0.35558 0.33341 0.439111
0.358542 0.333071 0.436803
0.360761 0.331871 0.435223
0.361257 0.333335 0.43676
0.356343 0.329197 0.431998
0.356235 0.328753 0.429797
0.355423 0.326223 0.426011
0.355087 0.323876 0.422487
0.358389 0.321435 0.414823
0.356274 0.313559 0.403001
0.352404 0.306717 0.395024
0.344307 0.299327 0.38943
0.337788 0.29375 0.383757
0.334242 0.2884 0.379726
0.332013 0.285651 0.374422
0.326243 0.281157 0.3664
0.31807 0.272096 0.356585
0.311312 0.26273 0.345446
0.302702 0.251832 0.332835
0.299933 0.246311 0.324136
0.299748 0.242896 0.316064
0.315027 0.247801 0.307037
0.415705 0.3114 0.276879
0.41953 0.31196 0.272781
0.419818 0.313244 0.271132
0.422773 0.315134 0.274367
0.422125 0.316615 0.273389
0.423309 0.318435 0.276706
0.420486 0.317134 0.274392
0.416479 0.310383 0.267311
0.41362 0.307369 0.261623
0.417979 0.30912 0.264774
0.421733 0.311712 0.265616
0.420974 0.30766 0.262371
0.416783 0.301797 0.253804
0.414687 0.296064 0.248015
0.408105 0.288978 0.238131
0.407317 0.284821 0.23341
0.40585 0.28335 0.229484
0.406672 0.281733 0.228884
0.405433 0.281754 0.227103
0.408026 0.28422 0.230907
0.407333 0.286144 0.23135
0.380636 0.269296 0.219219
0.198271 0.146296 0.124969
0.200262 0.148034 0.132725
0.200089 0.148918 0.134789
0.199363 0.148632 0.134649
0.198257 0.148532 0.134413
0.197824 0.147866 0.135102
0.196831 0.14753 0.134681
0.196077 0.147062 0.134859
0.195768 0.147368 0.134739
0.196145 0.147379 0.135264
0.195708 0.147489 0.134957
0.196613 0.147584 0.136489
0.195561 0.147581 0.135158
0.196574 0.147354 0.136755
0.194955 0.147422 0.135233
0.19628 0.147527 0.136435
0.195216 0.147582 0.135003
0.196133 0.14761 0.136417
0.195078 0.147449 0.135215
0.196388 0.14755 0.136995
0.195506 0.147616 0.135999
0.196429 0.147626 0.137211
0.195176 0.147582 0.136219
0.19687 0.147529 0.138052
0.195653 0.147508 0.136618
0.197091 0.147916 0.138274
